  36 -127
-119  -29
  13   13
 -27 -110
   1   13
 118   61
 109   12
 121  -58
 -59  -86
 101   -9
-110   15
 114  -50
 -24  -59
  92  -67
 -83  -27
 -29   10
   0   32
  42  -99
-106 -109
-115  -45
 107  -43
-126  -82
  29  -49
  35   10
 -54  -68
 114   10
  65  -40
 120 -119
 107   54
  70   46
 -68   42
-117  -15
   5   79
 -69   58
  -2   21
 113   89
  98   76
  31   15
 120  -73
 -97  -36
 -37    9
 -55  -48
 -41  -47
  22   12
 -62   72
  -9   61
  18   -2
 109   57
  31  -45
   5   -8
  91   73
 -65   42
  88 -122
-114 -100
 122  -90
 115  -93
 -81  -77
 -33   68
 119  -53
 -26   90
  41  -19
 -38  -27
 -75  -33
 121   68
 -48   42
  43   14
  92 -102
  -3  -61
  86   78
 -25 -118
  54  -72
 121  -72
  20   19
-124  -39
  91  -51
  89  -19
 -10   74
  54   21
 -58    4
 119  105
 -76    8
  40  -83
 -57  -82
-120   28
  -3   41
-100    6
 -38  -67
 102  -16
 -13   58
  94  122
  85 -102
 -71   55
  22   64
  38  -74
 125   92
   6  120
 126  -37
 -49  121
  -6  -31
  23  -95
   6  -48
 117  -75
 -87   65
 -59 -104
  75  -13
 -20 -118
  78  -88
  41  -95
  14  -26
 -97   42
  42 -115
  30  -72
  -7   72
  74   19
 107  -57
  54   58
  68   57
  18  -76
 127 -122
 122  -14
  50  -67
   4  -28
  74   41
 -95   14
  -5 -117
 -17   73
  54  -11
-113  107
