  16  -13
   1   -2
   2   -2
  -7   12
   0    7
  -2   -4
  -9  -14
   0   -5
 -13   10
  -1   -2
  -1   -1
   0   -3
  -6   -8
  -6    7
   2   -3
  -1   -4
  -2    2
  -6    6
   8    8
   8   -1
  -8   12
 -12    1
  -3   -7
   3    5
  -1   -3
  -6    0
  -4    2
   1   -5
   2   -2
   6   -4
  -6    4
   7   -9
  -4   12
   2  -12
  -7   -2
 -14   -6
   5  -10
   5  -10
   6    0
  -1    8
   3   -4
   9    0
  -3   -1
  -5    0
   9    5
   1    1
  -5    3
   5   -8
  -6   -1
  -3    0
 -11    6
  -2   -4
   9  -12
   2    5
 -12    4
  -5    0
  -2    4
  19   -6
   0   -2
   5   -5
  -2   -8
   3   -8
  -3  -14
  -1   -2
   5   -5
   0    2
   2    6
  -1   -3
  15    6
   4    8
   6   -2
  12    0
   5  -10
   2    4
   2   -2
   3   -7
   2    6
   8   -4
   3   -7
   3    8
  -9   -8
  15    4
  -4   -1
   4    4
   6  -19
  12   -2
  -4    5
  -5    6
   8    5
  -2   -3
   0   -3
  -3  -15
  -3   -2
   2   -1
  -7   -1
   2    2
  -2    3
  -3    0
   2  -12
  -7   -2
  -3    0
   0   -4
   0   14
  -3    4
  11    0
   1    0
  10    3
   2   -4
   0    0
   2   -6
   0    0
   2   -9
   0   -2
  -1    6
   1  -10
   2  -15
  -9    4
   5    5
  12    0
 -12   -2
   0   13
  -7    2
 -14    7
  -4   -6
   4    6
   0    8
   1  -10
   0   -8
